1002109466
100349
1003912413
1005169540
1007122348
1007586337
1009725348
102464434
1037836455
1040453872
1041652287
1042864915
1046865363
1048114381
1049536884
1051526767
1058646876
1066830785
106910294
1081681559
108523018
1090759389
1091085261
1097456775
1098659030
11159935
1117223889
1126904904
1130493187
1131066835
1137986789
1139289647
1144801871
1145323119
1145856026
1151675635
1152983158
1153076313
1159371041
11658667
116736838
1167744374
1177367492
1178461138
118409110
1185869248
1187463155
1190736992
1195276071
1200806865
1201638205
120447662
1204662911
1205318802
1205530493
1210251324
1212631932
1214268255
1219255441
1223516856
1224050762
1224355220
1230035221
1235004154
1237780162
1238821856
1239179409
1240771244
1243152591
1243841552
1250344134
1251392568
1251755519
1259027202
125989514
1264545399
1267949411
1275944940
1279942175
12832616
1285611483
1286536385
1289419737
1292886142
1293969453
1302023951
1306328699
1306516256
1308822114
1313035562
1313477508
1313626871
1318490300
1328101016
1330760192
1339642327
1341170604
1347253589
1349011653
1349261484
1359876627
136301700
1367627136
1369012253
1369904368
1369997296
137246080
1375624149
1384846589
1387777263
1392305309
1394887201
1397113098
14009746
1401434381
1401469219
1409091072
1409281062
1418110531
1419346231
1421173558
1429396804
1435072259
1436871437
1439912
1447863062
1450102977
1450250271
1450530645
145068637
1452464552
1452538530
1454710052
1454808820
1456554379
1460144100
1466962165
1471575087
1478347248
1479049679
1479882871
1479963561
1487828815
1488364002
148847009
1496412120
1497517172
1512572606
1519476780
1527791281
1538453586
1548644570
1565614041
1568211989
1571904643
1581622180
1582006539
1588313026
1597875654
1598662475
160108989
1607306132
1609925538
1610317580
16125564
1628956644
164634746
1647301806
1648921345
1651647991
1658822203
166266074
1664369417
1665525961
1668825524
1671432115
1676752823
1678156427
1682105269
1683095825
1688708604
1705156988
1707188207
1707287393
1721504790
172309875
1732545723
1736923556
173864351
1739497004
1739696061
1742477111
1745363745
1751388224
1755176077
1758832400
1761726679
177092909
1771413868
1771725034
1772856216
1775022662
1777663627
1778146011
1787627811
1790116931
1792618855
179443495
1800556852
1800816430
180298654
1805538699
1811544549
1814019950
1816070430
1816094840
1823156842
1823919748
1833660235
1835270516
1837599801
1838222070
18446158
184874518
1849741692
1851920841
1866095294
1867634485
1869549903
1872624984
1888933034
189003000
1890313753
1893324949
1894518889
1895990806
189935056
1903746656
1904548365
1905341544
1913062480
1915879637
1928673645
193334284
1939434705
1943207005
1944227490
1947607430
1958961719
196240243
1981672116
1988929127
1990727672
1997112436
1999819475
2003149633
2005335905
200537087
2020399593
2024961707
2028184860
2028891406
2046285726
2046631684
2047633009
2048453615
2051036484
2055307210
2059585465
2060850145
2063300648
2067946479
2073339318
2075270020
2076178765
2076690123
2086681392
2092169640
2107246914
2114099480
2117795027
2124331021
212571140
2133346333
213358128
2137565715
2152210421
215389979
2177328671
2178548982
2184264130
2189080011
218918554
2189932887
2191414495
2198702186
220381078
2218951366
2220137936
2223689279
2228756839
2230820976
2235601670
2235728657
2259649458
2261369906
2262404545
2263360420
2270413666
2271814923
2273649011
2278043212
2281602203
2282148781
2291912007
2293306384
2293836815
2296997530
230086634
2304641099
2306775095
2322597566
2326540883
2329062016
2329082883
2341593041
2348954251
2349254013
2349842722
2350202708
23591175
2362462424
2363673808
2386872047
2389574539
2391705168
2396222741
2400885954
2402698689
2404421303
2408183284
2410880521
2421435216
2433218044
2438201707
2438707575
2443055635
2444738857
2452327048
2453535746
2462412070
2462767908
2475503711
2477660140
2479364764
2480548283
2481638204
2484516139
2484902198
2487254647
2496627892
2500426301
2502105743
2503203234
2504214551
2506175167
2506373048
2507331439
2512983430
2514442265
2520692224
2522628940
2526475102
2528017135
2528739130
2555615548
2559213906
2559301154
2569582514
2572776400
2573094619
2574147535
2574504930
2574945875
2575014802
2585619716
2590669753
2597131329
2597282571
2600346017
2606998397
260973094
2613061064
2615073747
2620507244
2620726211
2625575237
2628330787
2640960373
2646065655
2651935959
2669690291
2671021402
2680428747
2689113817
2690190194
2706858108
2712201348
2713553833
2715082265
2716717907
2718317982
2719708973
2721679732
2721829873
2725710518
2727853725
2727976518
2745548395
2750291666
2750937922
2753257387
2755817716
2755868711
2757837947
2772631718
2781660077
2785005625
2787868076
2790882993
2796928989
2801649489
2806041949
280892068
2813977106
2815684918
281579623
2819046344
282168136
2822616770
2827276137
2830791844
2837664661
2841360676
2842400865
2844274774
2858238678
2859868883
2859987278
286482324
2875202041
2877665214
2886460737
2895822219
2897368227
289811726
2909619627
2915461475
291871763
2918974619
2919830469
2924202633
2924430786
2924737245
2925296669
2944538097
2946131197
2951796116
2955152213
2959167683
2970584704
2974197037
2975157751
2976406764
2977867985
2986016785
2999172798
3005891119
3020803824
3021566642
3022215304
3022485183
302525729
3025601608
3031685041
3035855582
3038769868
304203666
3042946409
3043325656
3043982140
3046148909
3047928219
3053130991
3054031466
3060878862
3064767772
3066221915
3073785220
3074508757
3075715349
3077186711
3079354941
3085392930
3089564818
3091595839
3091618271
3092787369
3095408105
3097939579
3099721399
3116351728
3119626935
3120990869
3125049792
3126921180
3127067863
3133890265
3142474731
3148245906
3150568047
3150571091
315102826
3156583761
3160469697
3167411143
3168918888
3170686307
317363946
3183041394
3185529111
3191766186
3194456923
3198900393
3202685707
3204333051
3208793042
3210317033
3225471398
322625419
3233525476
3239029723
3240040627
3251273824
3251539793
32549701
3255930174
3267488430
3268624940
3268795183
3268896523
3274563278
3281740146
3282161693
3288801166
3290770175
3295510069
3300025367
3300724106
3303043211
3304067113
330702239
3307284338
3310445911
3311016771
3311975558
332107207
3323205742
3330389297
3335393630
3350410060
3352749643
3361492178
3364474449
3366874623
336735234
3367450674
3372762236
3373354453
3380338920
338319700
3383805181
3384740598
3397396555
3400744543
340666828
3410638751
3412522369
3415495831
3423845183
3428853463
3433654343
3435999934
3444515057
3445134877
3447727721
3449371664
3450487024
346012521
3461543411
3465831297
3469456819
3476697456
3479557407
3482405978
349323627
3493312459
350287747
3505118278
3515577655
3519775901
3527592986
3532786899
3534491201
3541952132
3550795246
3561714427
3577480767
3584611223
3585931357
3589977089
3590480001
3605127544
3608905470
3609360543
3611677144
3616764159
3629082929
3629662602
3633812659
3637392959
364013740
3651902731
3653099954
366562557
3678981574
3679969701
3681699133
3683454011
3695962446
3705108637
3718906212
372476129
3731842524
3732274520
373382724
3734989334
3743423953
374607487
3746557614
3749018790
3750344872
3751066098
3759521304
3763718559
3766810463
3771278211
3774051797
3776294738
3780574336
3783147378
3785405778
3787003120
3800356829
3807067089
381350655
3819831162
3836827552
3838796594
384221356
3850145513
3851711842
3854789010
3861647064
3866762674
3867117770
3869078904
3872149430
3878602806
3882132120
3885724666
3896220610
3902767351
3909341526
3910390090
3914190491
3914630672
3918759613
3921577258
392208102
3931898228
3933001631
3945020963
3948609710
3950682891
3950766416
3952765878
3963613531
3964756822
3970394438
3974963896
3977396691
3981626713
3984734371
3990641357
3990941580
3992824568
3993061020
3993151817
3995699615
4001962929
4003195547
4009270697
4009820569
4010736819
4018109084
4024725764
4029082458
4033610434
4039588962
4040096743
4042699821
4045023294
404632730
4047532899
4049318633
4058754868
4059358545
4067486626
4076648474
4080358440
4083702602
4087940808
4092646574
4095472887
410695826
4108592701
411273089
412271054
4122931982
4126130838
4141331234
4144909007
415047546
4150713190
4151463363
4158618060
4164357118
4165452048
416599952
4168994205
4173386046
418659873
4189104453
4189269078
4189369046
4191336238
4196663322
4196796817
4202941577
4206477693
4210311309
4216659421
4220997802
4231505057
4232477937
4238174871
4250660123
4253801450
4255264612
425781928
4263470574
4266638521
4266954511
4269712505
4270530920
4273632882
4277939822
427829725
4280611348
4283793536
4286755267
429457544
439340
443213040
451130977
453716724
455619092
459586986
460529473
464719372
46712851
467800796
468722097
483087170
488845211
489601700
491670305
492272764
496372413
503866269
503970930
506484895
51434312
518116217
520710137
527841506
532992560
536980907
540902687
542199844
55109452
551763548
561023111
562331980
567833995
57352975
581606710
587744613
5883652
591989357
596364694
596535592
598406021
609387994
609518670
612547202
612785648
614906287
622249067
629733153
631707398
635076529
635730623
640214904
647767009
651028073
652526090
657741014
662075259
663074513
663686405
6708312
674857143
678416834
683605454
687825191
68806326
69229130
696528112
699153521
700467689
704163526
709962943
71288389
719403059
727548369
73914020
754829509
766439755
770146659
77042578
772427511
773855148
774183708
784765778
784864246
787900585
78974418
791464530
804675694
809553993
815595758
819122849
82228736
826232029
836542026
840393994
840769397
842218660
850972157
853574211
854229909
855167688
859372473
872483361
88108323
881844425
88792748
889173504
891273595
896224298
896734176
899458108
904869674
910444757
913298102
919885745
922681509
925076512
92842387
929474799
929917555
930268845
930666909
930865584
931559585
943553391
945665161
947948863
949989221
954531146
962153765
962346346
966996138
969524853
972162132
986307758
989210454
990480137
