1003117983
1045501783
1070124150
1079322766
1082862243
1107179056
1107181789
1107193692
1107194138
1107200603
1116955054
1135764119
1140069729
1154011319
1164347655
1183876771
1202210964
1212266143
1212896941
1281359432
1310767024
1337613964
1338499571
1339965348
1341322684
1348051063
1385638352
1442111022
1453815016
1464746202
1464944914
1518944109
1522201202
1522203780
1524852282
1547879875
1555284624
1578785620
1603171005
1606878258
1615896019
1618386879
1621736684
1623391304
1624054576
1627158150
1632214707
1635229658
163873261
1651055189
1652359947
1652444575
1669986515
1753446902
1759693198
1768544090
1789984386
1789984393
1796959333
1800169146
1800218614
1809329197
1825092593
1833279536
1866392829
1877364704
1877734137
1887136695
1893397189
1893773875
1946371778
195667954
1958574058
1970466280
1997937947
2027865785
2035593430
203981818
2055541722
2077651331
2079494200
2102842157
2111920447
2119364458
2124544647
2157939984
2170397252
2170954711
2174187930
2174952611
2176378479
2190122996
2191194540
2192091518
2198244322
2199939350
2203614257
222413510
2241907455
2265297203
2281860968
2281930831
2288427911
2297919326
2298878599
2305537561
2335605713
2337989822
2347304838
2348352645
2357619771
2366638582
2374441813
2375305170
2377286377
2386598799
241117595
2418804824
2422023877
2422955866
2425642503
2446211853
2447166887
2451638228
2477620313
2485625278
2500838531
2505544386
2534221648
2549206199
2554409481
2573363325
2587291988
2594024823
262506927
2642861119
2657716843
2684487998
2691141152
2691141159
2691831735
2693077397
2699675821
2703169822
2787545415
2787545416
2797273994
2802619088
2824714497
2829928885
2876203850
2908825691
2932156929
2932202905
2937573586
2944335337
2956037856
2965000160
2969612488
2972342597
2985012416
3007620439
3012877399
3013391303
302265904
302347307
3034318678
3049266587
3068737930
3081621224
309647800
3113796989
3130828689
3130869249
3165686982
3190952406
3196114559
3197879505
3225146463
3230322792
3249794137
326748046
3283119001
3297318677
3332992694
3349894051
3360307063
3361051386
3363590175
3368526851
3388003264
3388687294
3392644460
3419859832
3438157295
3438261592
3438264604
3439615823
3439791278
3439791582
3454127533
3454700230
3500306573
3503683052
3507282727
3507766070
3511882772
3519249983
3522991275
353201587
3541930221
3542069719
3548617527
3608669775
3627685497
3628777360
3636408581
3636927055
3668670139
3671481318
3678170929
3680584631
3703121882
3706521378
3706521379
3725440209
3726546482
3738237877
3743038177
37612978
3764351646
3780505531
3788698117
3806867885
3813081710
3816704099
3862386890
3887432343
3904884830
3904936455
3910797872
3916541444
3931412779
3932275728
3942486264
3946411452
3970890412
3996216636
4015529894
4025044380
4033389216
4061979158
4076751763
4093791390
4177788904
4178201578
4185420625
4186719170
4187864182
421708881
4228699711
4230638175
4241976918
424363692
4245921545
4258546335
4264331719
4275083478
4277483539
4281121277
431810327
437002217
443740849
445875411
456363408
459715172
475985218
477988263
485971756
530872099
548390578
565123943
579194139
588232744
606222810
608575003
619873599
634932991
637432375
645670247
660182730
673312150
676927590
679959386
692295982
722635011
726115491
768325114
779181869
797612823
804023378
831308537
855127843
855335094
865464999
871700119
877542281
91166427
926234961
938441845
952360172
96123649
978695278
989465752
995466164
